# Curva de Animacao b-Spline
# Total de pontos: 800

-2.66927 0.166667 -2.54557
-2.68677 0.171716 -2.52864
-2.70413 0.176863 -2.51155
-2.72134 0.182103 -2.49431
-2.73839 0.187435 -2.47692
-2.7553 0.192854 -2.45939
-2.77206 0.198359 -2.44171
-2.78866 0.203945 -2.42389
-2.80512 0.209611 -2.40593
-2.82142 0.215352 -2.38783
-2.83758 0.221167 -2.36959
-2.85358 0.227051 -2.35121
-2.86943 0.233003 -2.33269
-2.88512 0.239018 -2.31404
-2.90067 0.245095 -2.29526
-2.91606 0.251229 -2.27635
-2.9313 0.257419 -2.2573
-2.94638 0.26366 -2.23813
-2.96131 0.269951 -2.21883
-2.97609 0.276287 -2.19941
-2.99071 0.282667 -2.17986
-3.00518 0.289086 -2.16019
-3.01949 0.295543 -2.1404
-3.03365 0.302033 -2.12049
-3.04765 0.308555 -2.10046
-3.06149 0.315104 -2.08032
-3.07518 0.321679 -2.06006
-3.08871 0.328275 -2.03968
-3.10208 0.334891 -2.0192
-3.1153 0.341522 -1.9986
-3.12835 0.348167 -1.9779
-3.14125 0.354821 -1.95709
-3.15399 0.361483 -1.93617
-3.16658 0.368148 -1.91514
-3.179 0.374815 -1.89402
-3.19126 0.381479 -1.87279
-3.20337 0.388139 -1.85147
-3.21531 0.39479 -1.83004
-3.22709 0.401431 -1.80852
-3.23871 0.408057 -1.7869
-3.25017 0.414667 -1.76519
-3.26147 0.421256 -1.74339
-3.27261 0.427823 -1.72149
-3.28359 0.434363 -1.69951
-3.2944 0.440875 -1.67744
-3.30505 0.447354 -1.65528
-3.31554 0.453799 -1.63303
-3.32586 0.460205 -1.61071
-3.33602 0.466571 -1.5883
-3.34602 0.472892 -1.56581
-3.35585 0.479167 -1.54324
-3.36552 0.485391 -1.52059
-3.37502 0.491563 -1.49787
-3.38435 0.497678 -1.47508
-3.39353 0.503735 -1.45221
-3.40253 0.509729 -1.42927
-3.41137 0.515659 -1.40625
-3.42004 0.52152 -1.38318
-3.42855 0.527311 -1.36003
-3.43688 0.533027 -1.33682
-3.44505 0.538667 -1.31354
-3.45305 0.544226 -1.2902
-3.46089 0.549703 -1.2668
-3.46855 0.555093 -1.24335
-3.47605 0.560395 -1.21983
-3.48338 0.565604 -1.19626
-3.49053 0.570719 -1.17263
-3.49752 0.575735 -1.14894
-3.50434 0.580651 -1.12521
-3.51098 0.585462 -1.10143
-3.51746 0.590167 -1.07759
-3.52376 0.594761 -1.05371
-3.5299 0.599243 -1.02979
-3.53586 0.603608 -1.00581
-3.54165 0.607855 -0.981799
-3.54726 0.611979 -0.957743
-3.5527 0.615979 -0.933647
-3.55798 0.61985 -0.909513
-3.56307 0.623591 -0.885341
-3.56799 0.627197 -0.861133
-3.57274 0.630667 -0.836892
-3.57732 0.633996 -0.812618
-3.58172 0.637183 -0.788314
-3.58594 0.640223 -0.763979
-3.58999 0.643115 -0.739617
-3.59386 0.645854 -0.715227
-3.59756 0.648439 -0.690813
-3.60108 0.650865 -0.666376
-3.60442 0.653131 -0.641916
-3.60759 0.655232 -0.617436
-3.61058 0.657167 -0.592936
-3.61339 0.658931 -0.568419
-3.61602 0.660523 -0.543886
-3.61848 0.661938 -0.519338
-3.62076 0.663175 -0.494778
-3.62285 0.664229 -0.470205
-3.62477 0.665099 -0.445623
-3.62651 0.66578 -0.421032
-3.62807 0.666271 -0.396434
-3.62945 0.666567 -0.37183
-3.63064 0.666667 -0.347222
-3.63166 0.666567 -0.322612
-3.63249 0.666271 -0.298
-3.63315 0.66578 -0.273389
-3.63362 0.665099 -0.248778
-3.63391 0.664229 -0.224171
-3.63402 0.663175 -0.199568
-3.63395 0.661938 -0.174971
-3.6337 0.660523 -0.150381
-3.63326 0.658931 -0.125798
-3.63264 0.657167 -0.101226
-3.63184 0.655232 -0.0766649
-3.63086 0.653131 -0.052116
-3.6297 0.650865 -0.0275809
-3.62835 0.648439 -0.00306103
-3.62682 0.645854 0.0214424
-3.62511 0.643115 0.0459277
-3.62322 0.640223 0.070394
-3.62114 0.637183 0.0948395
-3.61888 0.633996 0.119263
-3.61644 0.630667 0.143663
-3.61382 0.627197 0.168039
-3.61101 0.623591 0.192388
-3.60802 0.61985 0.21671
-3.60484 0.615979 0.241003
-3.60148 0.611979 0.265266
-3.59794 0.607855 0.289497
-3.59421 0.603608 0.313695
-3.5903 0.599243 0.337859
-3.58621 0.594761 0.361987
-3.58193 0.590167 0.386079
-3.57747 0.585462 0.410131
-3.57282 0.580651 0.434144
-3.56799 0.575735 0.458116
-3.56298 0.570719 0.482046
-3.55778 0.565604 0.505931
-3.5524 0.560395 0.529772
-3.54683 0.555093 0.553565
-3.54107 0.549703 0.577311
-3.53513 0.544226 0.601007
-3.52901 0.538667 0.624653
-3.5227 0.533027 0.648246
-3.51621 0.527311 0.671786
-3.50953 0.52152 0.695271
-3.50266 0.515659 0.718701
-3.49561 0.509729 0.742072
-3.48838 0.503735 0.765385
-3.48096 0.497678 0.788637
-3.47335 0.491563 0.811828
-3.46555 0.485391 0.834955
-3.45757 0.479167 0.858019
-3.44941 0.472892 0.881016
-3.44106 0.466571 0.903947
-3.43252 0.460205 0.926808
-3.42379 0.453799 0.949601
-3.41488 0.447354 0.972321
-3.40578 0.440875 0.994969
-3.3965 0.434363 1.01754
-3.38702 0.427823 1.04004
-3.37736 0.421256 1.06246
-3.36752 0.414667 1.08481
-3.35748 0.408057 1.10707
-3.34726 0.401431 1.12926
-3.33685 0.39479 1.15136
-3.32626 0.388139 1.17338
-3.31547 0.381479 1.19531
-3.3045 0.374815 1.21716
-3.29334 0.368148 1.23892
-3.282 0.361483 1.26059
-3.27046 0.354821 1.28217
-3.25874 0.348167 1.30366
-3.24683 0.341522 1.32505
-3.23472 0.334891 1.34635
-3.22244 0.328275 1.36756
-3.20996 0.321679 1.38867
-3.19729 0.315104 1.40967
-3.18444 0.308555 1.43058
-3.17139 0.302033 1.45139
-3.15816 0.295543 1.4721
-3.14474 0.289086 1.4927
-3.13113 0.282667 1.51319
-3.11733 0.276287 1.53358
-3.10334 0.269951 1.55386
-3.08916 0.26366 1.57404
-3.07479 0.257419 1.5941
-3.06023 0.251229 1.61404
-3.04548 0.245095 1.63388
-3.03054 0.239018 1.6536
-3.01542 0.233003 1.6732
-3.0001 0.227051 1.69269
-2.98459 0.221167 1.71205
-2.96889 0.215352 1.7313
-2.953 0.209611 1.75043
-2.93692 0.203945 1.76943
-2.92065 0.198359 1.7883
-2.90419 0.192854 1.80705
-2.88753 0.187435 1.82568
-2.87069 0.182103 1.84417
-2.85365 0.176863 1.86254
-2.83643 0.171716 1.88077
-2.81901 0.166667 1.89887
-2.8014 0.161717 1.91684
-2.7836 0.156865 1.93467
-2.76562 0.152112 1.95237
-2.74745 0.147456 1.96993
-2.72909 0.142896 1.98736
-2.71055 0.138431 2.00465
-2.69183 0.13406 2.0218
-2.67293 0.129781 2.03882
-2.65385 0.125595 2.0557
-2.6346 0.1215 2.07244
-2.61517 0.117495 2.08904
-2.59557 0.113579 2.10551
-2.5758 0.109751 2.12184
-2.55586 0.106009 2.13802
-2.53575 0.102354 2.15407
-2.51548 0.098784 2.16998
-2.49504 0.0952978 2.18575
-2.47444 0.0918947 2.20137
-2.45368 0.0885735 2.21686
-2.43276 0.0853333 2.2322
-2.41169 0.0821732 2.24741
-2.39045 0.079092 2.26247
-2.36907 0.0760888 2.27738
-2.34753 0.0731627 2.29216
-2.32585 0.0703125 2.30679
-2.30401 0.0675373 2.32128
-2.28203 0.0648362 2.33562
-2.2599 0.062208 2.34982
-2.23763 0.0596518 2.36387
-2.21522 0.0571667 2.37778
-2.19267 0.0547515 2.39154
-2.16998 0.0524053 2.40515
-2.14715 0.0501272 2.41862
-2.12419 0.047916 2.43195
-2.1011 0.0457708 2.44512
-2.07788 0.0436907 2.45815
-2.05452 0.0416745 2.47102
-2.03104 0.0397213 2.48375
-2.00743 0.0378302 2.49634
-1.9837 0.036 2.50877
-1.95984 0.0342298 2.52105
-1.93587 0.0325187 2.53318
-1.91177 0.0308655 2.54516
-1.88756 0.0292693 2.55699
-1.86323 0.0277292 2.56867
-1.83879 0.026244 2.5802
-1.81423 0.0248128 2.59157
-1.78957 0.0234347 2.6028
-1.76479 0.0221085 2.61387
-1.73991 0.0208333 2.62478
-1.71492 0.0196082 2.63555
-1.68983 0.018432 2.64615
-1.66464 0.0173038 2.65661
-1.63934 0.0162227 2.66691
-1.61395 0.0151875 2.67705
-1.58846 0.0141973 2.68704
-1.56288 0.0132512 2.69688
-1.5372 0.012348 2.70655
-1.51143 0.0114868 2.71607
-1.48557 0.0106667 2.72543
-1.45963 0.0098865 2.73464
-1.43359 0.00914534 2.74369
-1.40747 0.00844218 2.75258
-1.38127 0.007776 2.7613
-1.35499 0.00714584 2.76988
-1.32862 0.00655067 2.77829
-1.30218 0.00598951 2.78654
-1.27567 0.00546136 2.79463
-1.24907 0.00496519 2.80256
-1.22241 0.00449999 2.81033
-1.19567 0.00406484 2.81794
-1.16887 0.00365867 2.82538
-1.142 0.00328048 2.83267
-1.11506 0.00292933 2.83979
-1.08805 0.00260417 2.84675
-1.06099 0.002304 2.85354
-1.03386 0.00202783 2.86017
-1.00668 0.00177467 2.86664
-0.979434 0.0015435 2.87294
-0.952135 0.00133332 2.87908
-0.924783 0.00114314 2.88505
-0.897379 0.000971993 2.89086
-0.869924 0.000818829 2.8965
-0.842421 0.000682652 2.90197
-0.81487 0.000562469 2.90728
-0.787274 0.000457366 2.91242
-0.759634 0.000366131 2.91739
-0.731953 0.00028801 2.92219
-0.704231 0.000221809 2.92683
-0.676472 0.000166694 2.93129
-0.648675 0.000121514 2.93559
-0.620843 8.53539e-05 2.93972
-0.592978 5.7141e-05 2.94367
-0.565081 3.60012e-05 2.94746
-0.537155 2.08616e-05 2.95108
-0.5092 1.0709e-05 2.95452
-0.48122 4.49022e-06 2.95779
-0.453214 1.3113e-06 2.9609
-0.425185 1.58946e-07 2.96382
-0.397135 0 2.96658
-0.369066 1.66667e-07 2.96916
-0.340979 1.33333e-06 2.97157
-0.312876 4.5e-06 2.97381
-0.284758 1.06667e-05 2.97587
-0.256628 2.08333e-05 2.97775
-0.228488 3.6e-05 2.97946
-0.200338 5.71667e-05 2.981
-0.172181 8.53333e-05 2.98236
-0.144019 0.0001215 2.98354
-0.115853 0.000166667 2.98455
-0.0876849 0.000221833 2.98538
-0.0595167 0.000288 2.98603
-0.0313501 0.000366167 2.9865
-0.00318668 0.000457333 2.9868
0.0249715 0.0005625 2.98692
0.053123 0.000682667 2.98686
0.0812657 0.000818833 2.98661
0.109398 0.000972 2.98619
0.137519 0.00114317 2.98559
0.165625 0.00133333 2.98481
0.193716 0.0015435 2.98385
0.221789 0.00177467 2.9827
0.249844 0.00202783 2.98138
0.277877 0.002304 2.97987
0.305888 0.00260417 2.97818
0.333874 0.00292933 2.9763
0.361834 0.0032805 2.97425
0.389767 0.00365867 2.97201
0.417669 0.00406483 2.96958
0.44554 0.0045 2.96697
0.473378 0.00496517 2.96418
0.501181 0.00546133 2.9612
0.528948 0.0059895 2.95803
0.556675 0.00655067 2.95468
0.584363 0.00714583 2.95114
0.612008 0.007776 2.94742
0.63961 0.00844217 2.94351
0.667167 0.00914533 2.93941
0.694675 0.0098865 2.93512
0.722135 0.0106667 2.93064
0.749545 0.0114868 2.92598
0.776901 0.012348 2.92112
0.804204 0.0132512 2.91608
0.83145 0.0141973 2.91085
0.858639 0.0151875 2.90542
0.885768 0.0162227 2.89981
0.912835 0.0173038 2.894
0.93984 0.018432 2.88801
0.966779 0.0196082 2.88182
0.993652 0.0208333 2.87543
1.02046 0.0221085 2.86886
1.04719 0.0234347 2.86209
1.07385 0.0248128 2.85513
1.10044 0.026244 2.84798
1.12696 0.0277292 2.84063
1.15339 0.0292693 2.83308
1.17975 0.0308655 2.82535
1.20603 0.0325187 2.81741
1.23222 0.0342298 2.80928
1.25833 0.036 2.80096
1.28436 0.0378302 2.79243
1.31029 0.0397213 2.78371
1.33614 0.0416745 2.7748
1.3619 0.0436907 2.76568
1.38756 0.0457708 2.75637
1.41313 0.047916 2.74686
1.4386 0.0501272 2.73714
1.46397 0.0524053 2.72723
1.48925 0.0547515 2.71712
1.51442 0.0571667 2.70681
1.53949 0.0596518 2.6963
1.56445 0.062208 2.68559
1.58931 0.0648362 2.67468
1.61406 0.0675373 2.66357
1.63869 0.0703125 2.65225
1.66322 0.0731627 2.64073
1.68763 0.0760888 2.62901
1.71192 0.079092 2.61708
1.7361 0.0821732 2.60495
1.76016 0.0853333 2.59262
1.78409 0.0885735 2.58008
1.80791 0.0918947 2.56734
1.8316 0.0952978 2.5544
1.85516 0.098784 2.54124
1.87859 0.102354 2.52788
1.9019 0.106009 2.51432
1.92507 0.109751 2.50055
1.94811 0.113579 2.48657
1.97102 0.117495 2.47238
1.99378 0.1215 2.45799
2.01641 0.125595 2.44338
2.0389 0.129781 2.42857
2.06125 0.13406 2.41355
2.08345 0.138431 2.39832
2.10551 0.142896 2.38288
2.12741 0.147456 2.36723
2.14917 0.152112 2.35137
2.17078 0.156865 2.3353
2.19224 0.161717 2.31901
2.21354 0.166667 2.30252
2.23469 0.171716 2.28581
2.25568 0.176863 2.26889
2.27651 0.182103 2.25177
2.29718 0.187435 2.23444
2.31769 0.192854 2.2169
2.33805 0.198359 2.19917
2.35824 0.203945 2.18123
2.37828 0.209611 2.1631
2.39815 0.215352 2.14478
2.41786 0.221167 2.12626
2.4374 0.227051 2.10755
2.45679 0.233003 2.08865
2.47601 0.239018 2.06957
2.49506 0.245095 2.05031
2.51395 0.251229 2.03086
2.53267 0.257419 2.01124
2.55123 0.26366 1.99143
2.56962 0.269951 1.97146
2.58783 0.276287 1.95131
2.60589 0.282667 1.93099
2.62377 0.289086 1.9105
2.64148 0.295543 1.88985
2.65902 0.302033 1.86903
2.67639 0.308555 1.84805
2.69358 0.315104 1.82692
2.71061 0.321679 1.80562
2.72746 0.328275 1.78418
2.74413 0.334891 1.76257
2.76063 0.341522 1.74082
2.77696 0.348167 1.71892
2.79311 0.354821 1.69688
2.80908 0.361483 1.67469
2.82488 0.368148 1.65236
2.84049 0.374815 1.62989
2.85593 0.381479 1.60728
2.87119 0.388139 1.58454
2.88627 0.39479 1.56167
2.90117 0.401431 1.53866
2.91588 0.408057 1.51553
2.93042 0.414667 1.49227
2.94477 0.421256 1.46889
2.95894 0.427823 1.44539
2.97292 0.434363 1.42177
2.98672 0.440875 1.39803
3.00033 0.447354 1.37417
3.01376 0.453799 1.35021
3.027 0.460205 1.32613
3.04005 0.466571 1.30194
3.05292 0.472892 1.27765
3.06559 0.479167 1.25326
3.07808 0.485391 1.22876
3.09038 0.491563 1.20416
3.10248 0.497678 1.17947
3.1144 0.503735 1.15468
3.12612 0.509729 1.1298
3.13765 0.515659 1.10483
3.14898 0.52152 1.07977
3.16012 0.527311 1.05462
3.17107 0.533027 1.02939
3.18182 0.538667 1.00408
3.19238 0.544226 0.978689
3.20274 0.549703 0.953221
3.2129 0.555093 0.927678
3.22286 0.560395 0.902062
3.23263 0.565604 0.876375
3.24219 0.570719 0.85062
3.25156 0.575735 0.8248
3.26072 0.580651 0.798915
3.26968 0.585462 0.772968
3.27844 0.590167 0.746962
3.287 0.594761 0.720898
3.29536 0.599243 0.69478
3.30351 0.603608 0.668608
3.31145 0.607855 0.642386
3.31919 0.611979 0.616116
3.32673 0.615979 0.589799
3.33406 0.61985 0.563439
3.34118 0.623591 0.537036
3.34809 0.627197 0.510594
3.35479 0.630667 0.484114
3.36129 0.633996 0.4576
3.36757 0.637183 0.431052
3.37364 0.640223 0.404474
3.37951 0.643115 0.377867
3.38516 0.645854 0.351234
3.39059 0.648439 0.324577
3.39582 0.650865 0.297898
3.40083 0.653131 0.271199
3.40562 0.655232 0.244483
3.4102 0.657167 0.217752
3.41457 0.658931 0.191007
3.41871 0.660523 0.164252
3.42264 0.661938 0.137488
3.42635 0.663175 0.110718
3.42985 0.664229 0.0839438
3.43312 0.665099 0.0571674
3.43618 0.66578 0.0303913
3.43901 0.666271 0.00361761
3.44162 0.666567 -0.0231511
3.44401 0.666667 -0.0499132
3.44618 0.666567 -0.0766662
3.44812 0.666271 -0.103409
3.44984 0.66578 -0.130139
3.45134 0.665099 -0.156855
3.45262 0.664229 -0.183557
3.45367 0.663175 -0.210242
3.45449 0.661938 -0.236908
3.45509 0.660523 -0.263555
3.45547 0.658931 -0.290181
3.45563 0.657167 -0.316784
3.45555 0.655232 -0.343363
3.45526 0.653131 -0.369916
3.45473 0.650865 -0.396441
3.45398 0.648439 -0.422939
3.45301 0.645854 -0.449405
3.45181 0.643115 -0.47584
3.45038 0.640223 -0.502242
3.44873 0.637183 -0.528609
3.44685 0.633996 -0.55494
3.44474 0.630667 -0.581233
3.44241 0.627197 -0.607486
3.43984 0.623591 -0.633699
3.43705 0.61985 -0.659869
3.43403 0.615979 -0.685996
3.43079 0.611979 -0.712077
3.42731 0.607855 -0.738111
3.42361 0.603608 -0.764097
3.41967 0.599243 -0.790033
3.41551 0.594761 -0.815917
3.41112 0.590167 -0.841749
3.4065 0.585462 -0.867526
3.40165 0.580651 -0.893248
3.39657 0.575735 -0.918912
3.39125 0.570719 -0.944516
3.38571 0.565604 -0.970061
3.37994 0.560395 -0.995543
3.37393 0.555093 -1.02096
3.3677 0.549703 -1.04632
3.36123 0.544226 -1.0716
3.35453 0.538667 -1.09682
3.3476 0.533027 -1.12197
3.34044 0.527311 -1.14705
3.33304 0.52152 -1.17206
3.32541 0.515659 -1.19699
3.31755 0.509729 -1.22185
3.30946 0.503735 -1.24663
3.30113 0.497678 -1.27133
3.29257 0.491563 -1.29595
3.28377 0.485391 -1.32049
3.27474 0.479167 -1.34494
3.26548 0.472892 -1.36932
3.25598 0.466571 -1.3936
3.24624 0.460205 -1.4178
3.23627 0.453799 -1.44191
3.22607 0.447354 -1.46592
3.21563 0.440875 -1.48985
3.20495 0.434363 -1.51368
3.19404 0.427823 -1.53742
3.18289 0.421256 -1.56106
3.17151 0.414667 -1.5846
3.15989 0.408057 -1.60804
3.14803 0.401431 -1.63138
3.13594 0.39479 -1.65462
3.1236 0.388139 -1.67776
3.11103 0.381479 -1.70078
3.09823 0.374815 -1.7237
3.08518 0.368148 -1.74652
3.07189 0.361483 -1.76922
3.05837 0.354821 -1.79181
3.04461 0.348167 -1.81428
3.03061 0.341522 -1.83665
3.01637 0.334891 -1.85889
3.00189 0.328275 -1.88102
2.98717 0.321679 -1.90303
2.97221 0.315104 -1.92491
2.95701 0.308555 -1.94668
2.94157 0.302033 -1.96832
2.92589 0.295543 -1.98983
2.90997 0.289086 -2.01122
2.8938 0.282667 -2.03248
2.8774 0.276287 -2.05361
2.86075 0.269951 -2.07461
2.84386 0.26366 -2.09548
2.82673 0.257419 -2.11621
2.80936 0.251229 -2.1368
2.79175 0.245095 -2.15726
2.77389 0.239018 -2.17758
2.75579 0.233003 -2.19776
2.73744 0.227051 -2.21779
2.71885 0.221167 -2.23769
2.70002 0.215352 -2.25743
2.68095 0.209611 -2.27703
2.66163 0.203945 -2.29649
2.64206 0.198359 -2.31579
2.62225 0.192854 -2.33494
2.6022 0.187435 -2.35394
2.5819 0.182103 -2.37279
2.56136 0.176863 -2.39148
2.54057 0.171716 -2.41001
2.51953 0.166667 -2.42839
2.49825 0.161717 -2.4466
2.47673 0.156865 -2.46465
2.45496 0.152112 -2.48255
2.43296 0.147456 -2.50028
2.41073 0.142896 -2.51785
2.38827 0.138431 -2.53526
2.36558 0.13406 -2.5525
2.34267 0.129781 -2.56958
2.31954 0.125595 -2.58651
2.29619 0.1215 -2.60326
2.27263 0.117495 -2.61985
2.24886 0.113579 -2.63628
2.22488 0.109751 -2.65255
2.2007 0.106009 -2.66865
2.17632 0.102354 -2.68458
2.15175 0.098784 -2.70035
2.12698 0.0952978 -2.71596
2.10202 0.0918947 -2.7314
2.07687 0.0885735 -2.74667
2.05155 0.0853333 -2.76177
2.02604 0.0821732 -2.77671
2.00035 0.079092 -2.79148
1.97449 0.0760888 -2.80608
1.94846 0.0731627 -2.82051
1.92227 0.0703125 -2.83478
1.89591 0.0675373 -2.84887
1.86939 0.0648362 -2.8628
1.84271 0.062208 -2.87656
1.81589 0.0596518 -2.89014
1.78891 0.0571667 -2.90356
1.76178 0.0547515 -2.91681
1.73451 0.0524053 -2.92988
1.7071 0.0501272 -2.94279
1.67955 0.047916 -2.95552
1.65187 0.0457708 -2.96808
1.62406 0.0436907 -2.98046
1.59612 0.0416745 -2.99268
1.56806 0.0397213 -3.00472
1.53988 0.0378302 -3.01659
1.51158 0.036 -3.02828
1.48317 0.0342298 -3.0398
1.45464 0.0325187 -3.05115
1.42601 0.0308655 -3.06232
1.39728 0.0292693 -3.07331
1.36844 0.0277292 -3.08413
1.33951 0.026244 -3.09477
1.31048 0.0248128 -3.10524
1.28137 0.0234347 -3.11553
1.25216 0.0221085 -3.12564
1.22287 0.0208333 -3.13558
1.1935 0.0196082 -3.14534
1.16406 0.018432 -3.15492
1.13454 0.0173038 -3.16432
1.10494 0.0162227 -3.17354
1.07529 0.0151875 -3.18259
1.04556 0.0141973 -3.19145
1.01578 0.0132512 -3.20013
0.985937 0.012348 -3.20864
0.956041 0.0114868 -3.21696
0.926094 0.0106667 -3.2251
0.896099 0.0098865 -3.23307
0.86606 0.00914534 -3.24085
0.83598 0.00844218 -3.24844
0.805862 0.007776 -3.25586
0.77571 0.00714584 -3.26309
0.745527 0.00655067 -3.27014
0.715316 0.00598951 -3.27701
0.68508 0.00546136 -3.28369
0.654823 0.00496519 -3.29019
0.624549 0.00449999 -3.2965
0.594259 0.00406484 -3.30263
0.563959 0.00365867 -3.30858
0.53365 0.00328048 -3.31434
0.503337 0.00292933 -3.31991
0.473022 0.00260417 -3.3253
0.44271 0.002304 -3.3305
0.412403 0.00202783 -3.33551
0.382104 0.00177467 -3.34034
0.351817 0.0015435 -3.34498
0.321545 0.00133332 -3.34943
0.291292 0.00114314 -3.35369
0.26106 0.000971993 -3.35776
0.230854 0.000818829 -3.36165
0.200676 0.000682652 -3.36534
0.17053 0.000562469 -3.36885
0.140419 0.000457366 -3.37217
0.110346 0.000366131 -3.37529
0.0803149 0.00028801 -3.37823
0.0503286 0.000221809 -3.38097
0.0203908 0.000166694 -3.38352
-0.00949588 0.000121514 -3.38588
-0.0393274 8.53539e-05 -3.38805
-0.0691008 5.7141e-05 -3.39003
-0.0988128 3.60012e-05 -3.39181
-0.12846 2.08616e-05 -3.3934
-0.158039 1.0709e-05 -3.3948
-0.187546 4.49022e-06 -3.396
-0.216979 1.3113e-06 -3.39701
-0.246334 1.58946e-07 -3.39782
-0.275608 0 -3.39844
-0.304797 1.66667e-07 -3.39886
-0.333901 1.33333e-06 -3.39909
-0.362919 4.5e-06 -3.39912
-0.391851 1.06667e-05 -3.39896
-0.420695 2.08333e-05 -3.39861
-0.449452 3.6e-05 -3.39806
-0.47812 5.71667e-05 -3.39732
-0.506699 8.53333e-05 -3.39639
-0.535188 0.0001215 -3.39527
-0.563587 0.000166667 -3.39395
-0.591895 0.000221833 -3.39245
-0.620111 0.000288 -3.39075
-0.648235 0.000366167 -3.38886
-0.676266 0.000457333 -3.38678
-0.704204 0.0005625 -3.38452
-0.732047 0.000682667 -3.38206
-0.759796 0.000818833 -3.37942
-0.787449 0.000972 -3.37659
-0.815005 0.00114317 -3.37357
-0.842466 0.00133333 -3.37036
-0.869828 0.0015435 -3.36697
-0.897093 0.00177467 -3.36339
-0.924259 0.00202783 -3.35963
-0.951325 0.002304 -3.35568
-0.978292 0.00260417 -3.35154
-1.00516 0.00292933 -3.34722
-1.03192 0.0032805 -3.34272
-1.05859 0.00365867 -3.33803
-1.08515 0.00406483 -3.33316
-1.1116 0.0045 -3.32811
-1.13796 0.00496517 -3.32287
-1.16421 0.00546133 -3.31745
-1.19035 0.0059895 -3.31185
-1.21639 0.00655067 -3.30607
-1.24232 0.00714583 -3.30011
-1.26815 0.007776 -3.29397
-1.29386 0.00844217 -3.28764
-1.31947 0.00914533 -3.28114
-1.34497 0.0098865 -3.27446
-1.37036 0.0106667 -3.2676
-1.39565 0.0114868 -3.26057
-1.42082 0.012348 -3.25335
-1.44587 0.0132512 -3.24596
-1.47082 0.0141973 -3.23839
-1.49565 0.0151875 -3.23065
-1.52037 0.0162227 -3.22273
-1.54498 0.0173038 -3.21463
-1.56947 0.018432 -3.20636
-1.59385 0.0196082 -3.19791
-1.61811 0.0208333 -3.18929
-1.64225 0.0221085 -3.1805
-1.66628 0.0234347 -3.17153
-1.69019 0.0248128 -3.16239
-1.71398 0.026244 -3.15307
-1.73765 0.0277292 -3.14359
-1.7612 0.0292693 -3.13393
-1.78464 0.0308655 -3.1241
-1.80795 0.0325187 -3.1141
-1.83114 0.0342298 -3.10393
-1.8542 0.036 -3.09359
-1.87715 0.0378302 -3.08308
-1.89997 0.0397213 -3.07241
-1.92266 0.0416745 -3.06156
-1.94523 0.0436907 -3.05054
-1.96768 0.0457708 -3.03936
-1.99 0.047916 -3.02801
-2.01219 0.0501272 -3.01649
-2.03426 0.0524053 -3.00481
-2.05619 0.0547515 -2.99296
-2.078 0.0571667 -2.98094
-2.09968 0.0596518 -2.96876
-2.12123 0.062208 -2.95642
-2.14265 0.0648362 -2.94391
-2.16394 0.0675373 -2.93123
-2.18509 0.0703125 -2.9184
-2.20612 0.0731627 -2.9054
-2.22701 0.0760888 -2.89223
-2.24776 0.079092 -2.87891
-2.26838 0.0821732 -2.86542
-2.28887 0.0853333 -2.85177
-2.30922 0.0885735 -2.83796
-2.32944 0.0918947 -2.82399
-2.34952 0.0952978 -2.80986
-2.36946 0.098784 -2.79557
-2.38926 0.102354 -2.78112
-2.40892 0.106009 -2.76651
-2.42845 0.109751 -2.75175
-2.44783 0.113579 -2.73682
-2.46707 0.117495 -2.72174
-2.48617 0.1215 -2.7065
-2.50513 0.125595 -2.69111
-2.52395 0.129781 -2.67556
-2.54262 0.13406 -2.65985
-2.56115 0.138431 -2.64399
-2.57954 0.142896 -2.62797
-2.59778 0.147456 -2.6118
-2.61587 0.152112 -2.59547
-2.63382 0.156865 -2.57899
-2.65162 0.161717 -2.56236
